{
 "cells": [
  {
   "cell_type": "markdown",
   "metadata": {},
   "source": [
    "### Ex1: PimaIndians Diabetes"
   ]
  },
  {
   "cell_type": "code",
   "execution_count": 1,
   "metadata": {},
   "outputs": [
    {
     "name": "stderr",
     "output_type": "stream",
     "text": [
      "Warning message:\n",
      "\"package 'mlbench' was built under R version 3.6.3\""
     ]
    }
   ],
   "source": [
    "library('mlbench')"
   ]
  },
  {
   "cell_type": "code",
   "execution_count": 2,
   "metadata": {},
   "outputs": [
    {
     "data": {
      "text/html": [
       "<table>\n",
       "<thead><tr><th scope=col>pregnant</th><th scope=col>glucose</th><th scope=col>pressure</th><th scope=col>triceps</th><th scope=col>insulin</th><th scope=col>mass</th><th scope=col>pedigree</th><th scope=col>age</th><th scope=col>diabetes</th></tr></thead>\n",
       "<tbody>\n",
       "\t<tr><td> 6   </td><td>148  </td><td>72   </td><td>35   </td><td>  0  </td><td>33.6 </td><td>0.627</td><td>50   </td><td>pos  </td></tr>\n",
       "\t<tr><td> 1   </td><td> 85  </td><td>66   </td><td>29   </td><td>  0  </td><td>26.6 </td><td>0.351</td><td>31   </td><td>neg  </td></tr>\n",
       "\t<tr><td> 8   </td><td>183  </td><td>64   </td><td> 0   </td><td>  0  </td><td>23.3 </td><td>0.672</td><td>32   </td><td>pos  </td></tr>\n",
       "\t<tr><td> 1   </td><td> 89  </td><td>66   </td><td>23   </td><td> 94  </td><td>28.1 </td><td>0.167</td><td>21   </td><td>neg  </td></tr>\n",
       "\t<tr><td> 0   </td><td>137  </td><td>40   </td><td>35   </td><td>168  </td><td>43.1 </td><td>2.288</td><td>33   </td><td>pos  </td></tr>\n",
       "\t<tr><td> 5   </td><td>116  </td><td>74   </td><td> 0   </td><td>  0  </td><td>25.6 </td><td>0.201</td><td>30   </td><td>neg  </td></tr>\n",
       "\t<tr><td> 3   </td><td> 78  </td><td>50   </td><td>32   </td><td> 88  </td><td>31.0 </td><td>0.248</td><td>26   </td><td>pos  </td></tr>\n",
       "\t<tr><td>10   </td><td>115  </td><td> 0   </td><td> 0   </td><td>  0  </td><td>35.3 </td><td>0.134</td><td>29   </td><td>neg  </td></tr>\n",
       "\t<tr><td> 2   </td><td>197  </td><td>70   </td><td>45   </td><td>543  </td><td>30.5 </td><td>0.158</td><td>53   </td><td>pos  </td></tr>\n",
       "\t<tr><td> 8   </td><td>125  </td><td>96   </td><td> 0   </td><td>  0  </td><td> 0.0 </td><td>0.232</td><td>54   </td><td>pos  </td></tr>\n",
       "</tbody>\n",
       "</table>\n"
      ],
      "text/latex": [
       "\\begin{tabular}{r|lllllllll}\n",
       " pregnant & glucose & pressure & triceps & insulin & mass & pedigree & age & diabetes\\\\\n",
       "\\hline\n",
       "\t  6    & 148   & 72    & 35    &   0   & 33.6  & 0.627 & 50    & pos  \\\\\n",
       "\t  1    &  85   & 66    & 29    &   0   & 26.6  & 0.351 & 31    & neg  \\\\\n",
       "\t  8    & 183   & 64    &  0    &   0   & 23.3  & 0.672 & 32    & pos  \\\\\n",
       "\t  1    &  89   & 66    & 23    &  94   & 28.1  & 0.167 & 21    & neg  \\\\\n",
       "\t  0    & 137   & 40    & 35    & 168   & 43.1  & 2.288 & 33    & pos  \\\\\n",
       "\t  5    & 116   & 74    &  0    &   0   & 25.6  & 0.201 & 30    & neg  \\\\\n",
       "\t  3    &  78   & 50    & 32    &  88   & 31.0  & 0.248 & 26    & pos  \\\\\n",
       "\t 10    & 115   &  0    &  0    &   0   & 35.3  & 0.134 & 29    & neg  \\\\\n",
       "\t  2    & 197   & 70    & 45    & 543   & 30.5  & 0.158 & 53    & pos  \\\\\n",
       "\t  8    & 125   & 96    &  0    &   0   &  0.0  & 0.232 & 54    & pos  \\\\\n",
       "\\end{tabular}\n"
      ],
      "text/markdown": [
       "\n",
       "| pregnant | glucose | pressure | triceps | insulin | mass | pedigree | age | diabetes |\n",
       "|---|---|---|---|---|---|---|---|---|\n",
       "|  6    | 148   | 72    | 35    |   0   | 33.6  | 0.627 | 50    | pos   |\n",
       "|  1    |  85   | 66    | 29    |   0   | 26.6  | 0.351 | 31    | neg   |\n",
       "|  8    | 183   | 64    |  0    |   0   | 23.3  | 0.672 | 32    | pos   |\n",
       "|  1    |  89   | 66    | 23    |  94   | 28.1  | 0.167 | 21    | neg   |\n",
       "|  0    | 137   | 40    | 35    | 168   | 43.1  | 2.288 | 33    | pos   |\n",
       "|  5    | 116   | 74    |  0    |   0   | 25.6  | 0.201 | 30    | neg   |\n",
       "|  3    |  78   | 50    | 32    |  88   | 31.0  | 0.248 | 26    | pos   |\n",
       "| 10    | 115   |  0    |  0    |   0   | 35.3  | 0.134 | 29    | neg   |\n",
       "|  2    | 197   | 70    | 45    | 543   | 30.5  | 0.158 | 53    | pos   |\n",
       "|  8    | 125   | 96    |  0    |   0   |  0.0  | 0.232 | 54    | pos   |\n",
       "\n"
      ],
      "text/plain": [
       "   pregnant glucose pressure triceps insulin mass pedigree age diabetes\n",
       "1   6       148     72       35        0     33.6 0.627    50  pos     \n",
       "2   1        85     66       29        0     26.6 0.351    31  neg     \n",
       "3   8       183     64        0        0     23.3 0.672    32  pos     \n",
       "4   1        89     66       23       94     28.1 0.167    21  neg     \n",
       "5   0       137     40       35      168     43.1 2.288    33  pos     \n",
       "6   5       116     74        0        0     25.6 0.201    30  neg     \n",
       "7   3        78     50       32       88     31.0 0.248    26  pos     \n",
       "8  10       115      0        0        0     35.3 0.134    29  neg     \n",
       "9   2       197     70       45      543     30.5 0.158    53  pos     \n",
       "10  8       125     96        0        0      0.0 0.232    54  pos     "
      ]
     },
     "metadata": {},
     "output_type": "display_data"
    }
   ],
   "source": [
    "data(PimaIndiansDiabetes)\n",
    "head(PimaIndiansDiabetes, n=10)"
   ]
  },
  {
   "cell_type": "code",
   "execution_count": 3,
   "metadata": {},
   "outputs": [
    {
     "name": "stdout",
     "output_type": "stream",
     "text": [
      "'data.frame':\t768 obs. of  9 variables:\n",
      " $ pregnant: num  6 1 8 1 0 5 3 10 2 8 ...\n",
      " $ glucose : num  148 85 183 89 137 116 78 115 197 125 ...\n",
      " $ pressure: num  72 66 64 66 40 74 50 0 70 96 ...\n",
      " $ triceps : num  35 29 0 23 35 0 32 0 45 0 ...\n",
      " $ insulin : num  0 0 0 94 168 0 88 0 543 0 ...\n",
      " $ mass    : num  33.6 26.6 23.3 28.1 43.1 25.6 31 35.3 30.5 0 ...\n",
      " $ pedigree: num  0.627 0.351 0.672 0.167 2.288 ...\n",
      " $ age     : num  50 31 32 21 33 30 26 29 53 54 ...\n",
      " $ diabetes: Factor w/ 2 levels \"neg\",\"pos\": 2 1 2 1 2 1 2 1 2 2 ...\n"
     ]
    }
   ],
   "source": [
    "#In thong tin cua dataset\n",
    "str(PimaIndiansDiabetes)"
   ]
  },
  {
   "cell_type": "code",
   "execution_count": 4,
   "metadata": {},
   "outputs": [
    {
     "data": {
      "text/plain": [
       "    pregnant         glucose         pressure         triceps     \n",
       " Min.   : 0.000   Min.   :  0.0   Min.   :  0.00   Min.   : 0.00  \n",
       " 1st Qu.: 1.000   1st Qu.: 99.0   1st Qu.: 62.00   1st Qu.: 0.00  \n",
       " Median : 3.000   Median :117.0   Median : 72.00   Median :23.00  \n",
       " Mean   : 3.845   Mean   :120.9   Mean   : 69.11   Mean   :20.54  \n",
       " 3rd Qu.: 6.000   3rd Qu.:140.2   3rd Qu.: 80.00   3rd Qu.:32.00  \n",
       " Max.   :17.000   Max.   :199.0   Max.   :122.00   Max.   :99.00  \n",
       "    insulin           mass          pedigree           age        diabetes \n",
       " Min.   :  0.0   Min.   : 0.00   Min.   :0.0780   Min.   :21.00   neg:500  \n",
       " 1st Qu.:  0.0   1st Qu.:27.30   1st Qu.:0.2437   1st Qu.:24.00   pos:268  \n",
       " Median : 30.5   Median :32.00   Median :0.3725   Median :29.00            \n",
       " Mean   : 79.8   Mean   :31.99   Mean   :0.4719   Mean   :33.24            \n",
       " 3rd Qu.:127.2   3rd Qu.:36.60   3rd Qu.:0.6262   3rd Qu.:41.00            \n",
       " Max.   :846.0   Max.   :67.10   Max.   :2.4200   Max.   :81.00            "
      ]
     },
     "metadata": {},
     "output_type": "display_data"
    }
   ],
   "source": [
    "#In thong ke chung \n",
    "summary(PimaIndiansDiabetes)"
   ]
  },
  {
   "cell_type": "code",
   "execution_count": 5,
   "metadata": {},
   "outputs": [
    {
     "data": {
      "text/html": [
       "<ol class=list-inline>\n",
       "\t<li>768</li>\n",
       "\t<li>9</li>\n",
       "</ol>\n"
      ],
      "text/latex": [
       "\\begin{enumerate*}\n",
       "\\item 768\n",
       "\\item 9\n",
       "\\end{enumerate*}\n"
      ],
      "text/markdown": [
       "1. 768\n",
       "2. 9\n",
       "\n",
       "\n"
      ],
      "text/plain": [
       "[1] 768   9"
      ]
     },
     "metadata": {},
     "output_type": "display_data"
    }
   ],
   "source": [
    "#Xem so dong so cot\n",
    "dim(PimaIndiansDiabetes)"
   ]
  },
  {
   "cell_type": "code",
   "execution_count": 6,
   "metadata": {},
   "outputs": [
    {
     "data": {
      "text/html": [
       "<table>\n",
       "<thead><tr><th></th><th scope=col>freq</th><th scope=col>percentage</th></tr></thead>\n",
       "<tbody>\n",
       "\t<tr><th scope=row>neg</th><td>500      </td><td>0.6510417</td></tr>\n",
       "\t<tr><th scope=row>pos</th><td>268      </td><td>0.3489583</td></tr>\n",
       "</tbody>\n",
       "</table>\n"
      ],
      "text/latex": [
       "\\begin{tabular}{r|ll}\n",
       "  & freq & percentage\\\\\n",
       "\\hline\n",
       "\tneg & 500       & 0.6510417\\\\\n",
       "\tpos & 268       & 0.3489583\\\\\n",
       "\\end{tabular}\n"
      ],
      "text/markdown": [
       "\n",
       "| <!--/--> | freq | percentage |\n",
       "|---|---|---|\n",
       "| neg | 500       | 0.6510417 |\n",
       "| pos | 268       | 0.3489583 |\n",
       "\n"
      ],
      "text/plain": [
       "    freq percentage\n",
       "neg 500  0.6510417 \n",
       "pos 268  0.3489583 "
      ]
     },
     "metadata": {},
     "output_type": "display_data"
    }
   ],
   "source": [
    "# Cho biet bao nhieu mau \"pos\" va \"neg\" cua diabetes\n",
    "y <- PimaIndiansDiabetes$diabetes\n",
    "cbind(freq = table(y), percentage = prop.table(table(y)))"
   ]
  },
  {
   "cell_type": "code",
   "execution_count": 7,
   "metadata": {},
   "outputs": [
    {
     "data": {
      "text/html": [
       "<dl class=dl-horizontal>\n",
       "\t<dt>pregnant</dt>\n",
       "\t\t<dd>11.3540563206215</dd>\n",
       "\t<dt>glucose</dt>\n",
       "\t\t<dd>1022.24831425196</dd>\n",
       "\t<dt>pressure</dt>\n",
       "\t\t<dd>374.647271227184</dd>\n",
       "\t<dt>triceps</dt>\n",
       "\t\t<dd>254.473245328118</dd>\n",
       "\t<dt>insulin</dt>\n",
       "\t\t<dd>13281.1800779552</dd>\n",
       "\t<dt>mass</dt>\n",
       "\t\t<dd>62.1599839573827</dd>\n",
       "\t<dt>pedigree</dt>\n",
       "\t\t<dd>0.109778637873139</dd>\n",
       "\t<dt>age</dt>\n",
       "\t\t<dd>138.303045890374</dd>\n",
       "</dl>\n"
      ],
      "text/latex": [
       "\\begin{description*}\n",
       "\\item[pregnant] 11.3540563206215\n",
       "\\item[glucose] 1022.24831425196\n",
       "\\item[pressure] 374.647271227184\n",
       "\\item[triceps] 254.473245328118\n",
       "\\item[insulin] 13281.1800779552\n",
       "\\item[mass] 62.1599839573827\n",
       "\\item[pedigree] 0.109778637873139\n",
       "\\item[age] 138.303045890374\n",
       "\\end{description*}\n"
      ],
      "text/markdown": [
       "pregnant\n",
       ":   11.3540563206215glucose\n",
       ":   1022.24831425196pressure\n",
       ":   374.647271227184triceps\n",
       ":   254.473245328118insulin\n",
       ":   13281.1800779552mass\n",
       ":   62.1599839573827pedigree\n",
       ":   0.109778637873139age\n",
       ":   138.303045890374\n",
       "\n"
      ],
      "text/plain": [
       "    pregnant      glucose     pressure      triceps      insulin         mass \n",
       "1.135406e+01 1.022248e+03 3.746473e+02 2.544732e+02 1.328118e+04 6.215998e+01 \n",
       "    pedigree          age \n",
       "1.097786e-01 1.383030e+02 "
      ]
     },
     "metadata": {},
     "output_type": "display_data"
    }
   ],
   "source": [
    "#Tinh variance cho tat ca cac thuoc tinh\n",
    "sapply(PimaIndiansDiabetes[,1:8],var)"
   ]
  },
  {
   "cell_type": "code",
   "execution_count": 8,
   "metadata": {},
   "outputs": [],
   "source": [
    "#install.packages('e1071')"
   ]
  },
  {
   "cell_type": "code",
   "execution_count": 9,
   "metadata": {},
   "outputs": [
    {
     "name": "stderr",
     "output_type": "stream",
     "text": [
      "Warning message:\n",
      "\"package 'e1071' was built under R version 3.6.3\""
     ]
    }
   ],
   "source": [
    "library('e1071')"
   ]
  },
  {
   "cell_type": "code",
   "execution_count": 10,
   "metadata": {},
   "outputs": [],
   "source": [
    "#Tinh skewness cho tat ca thuoc tinh\n",
    "skew <- apply(PimaIndiansDiabetes[,1:8],2, skewness)"
   ]
  },
  {
   "cell_type": "code",
   "execution_count": 11,
   "metadata": {},
   "outputs": [
    {
     "data": {
      "text/html": [
       "<dl class=dl-horizontal>\n",
       "\t<dt>pregnant</dt>\n",
       "\t\t<dd>0.898154872604808</dd>\n",
       "\t<dt>glucose</dt>\n",
       "\t\t<dd>0.173075366346189</dd>\n",
       "\t<dt>pressure</dt>\n",
       "\t\t<dd>-1.83641264105356</dd>\n",
       "\t<dt>triceps</dt>\n",
       "\t\t<dd>0.10894563103235</dd>\n",
       "\t<dt>insulin</dt>\n",
       "\t\t<dd>2.2633825833595</dd>\n",
       "\t<dt>mass</dt>\n",
       "\t\t<dd>-0.427307333732463</dd>\n",
       "\t<dt>pedigree</dt>\n",
       "\t\t<dd>1.91241792381955</dd>\n",
       "\t<dt>age</dt>\n",
       "\t\t<dd>1.12518804431459</dd>\n",
       "</dl>\n"
      ],
      "text/latex": [
       "\\begin{description*}\n",
       "\\item[pregnant] 0.898154872604808\n",
       "\\item[glucose] 0.173075366346189\n",
       "\\item[pressure] -1.83641264105356\n",
       "\\item[triceps] 0.10894563103235\n",
       "\\item[insulin] 2.2633825833595\n",
       "\\item[mass] -0.427307333732463\n",
       "\\item[pedigree] 1.91241792381955\n",
       "\\item[age] 1.12518804431459\n",
       "\\end{description*}\n"
      ],
      "text/markdown": [
       "pregnant\n",
       ":   0.898154872604808glucose\n",
       ":   0.173075366346189pressure\n",
       ":   -1.83641264105356triceps\n",
       ":   0.10894563103235insulin\n",
       ":   2.2633825833595mass\n",
       ":   -0.427307333732463pedigree\n",
       ":   1.91241792381955age\n",
       ":   1.12518804431459\n",
       "\n"
      ],
      "text/plain": [
       "  pregnant    glucose   pressure    triceps    insulin       mass   pedigree \n",
       " 0.8981549  0.1730754 -1.8364126  0.1089456  2.2633826 -0.4273073  1.9124179 \n",
       "       age \n",
       " 1.1251880 "
      ]
     },
     "metadata": {},
     "output_type": "display_data"
    }
   ],
   "source": [
    "skew"
   ]
  },
  {
   "cell_type": "code",
   "execution_count": 12,
   "metadata": {},
   "outputs": [
    {
     "data": {
      "text/html": [
       "<dl class=dl-horizontal>\n",
       "\t<dt>pregnant</dt>\n",
       "\t\t<dd>0.142183957122032</dd>\n",
       "\t<dt>glucose</dt>\n",
       "\t\t<dd>0.619369451373168</dd>\n",
       "\t<dt>pressure</dt>\n",
       "\t\t<dd>5.11750995409889</dd>\n",
       "\t<dt>triceps</dt>\n",
       "\t\t<dd>-0.530936920676741</dd>\n",
       "\t<dt>insulin</dt>\n",
       "\t\t<dd>7.13313491538188</dd>\n",
       "\t<dt>mass</dt>\n",
       "\t\t<dd>3.2449626779631</dd>\n",
       "\t<dt>pedigree</dt>\n",
       "\t\t<dd>5.52853885711983</dd>\n",
       "\t<dt>age</dt>\n",
       "\t\t<dd>0.621726907802014</dd>\n",
       "</dl>\n"
      ],
      "text/latex": [
       "\\begin{description*}\n",
       "\\item[pregnant] 0.142183957122032\n",
       "\\item[glucose] 0.619369451373168\n",
       "\\item[pressure] 5.11750995409889\n",
       "\\item[triceps] -0.530936920676741\n",
       "\\item[insulin] 7.13313491538188\n",
       "\\item[mass] 3.2449626779631\n",
       "\\item[pedigree] 5.52853885711983\n",
       "\\item[age] 0.621726907802014\n",
       "\\end{description*}\n"
      ],
      "text/markdown": [
       "pregnant\n",
       ":   0.142183957122032glucose\n",
       ":   0.619369451373168pressure\n",
       ":   5.11750995409889triceps\n",
       ":   -0.530936920676741insulin\n",
       ":   7.13313491538188mass\n",
       ":   3.2449626779631pedigree\n",
       ":   5.52853885711983age\n",
       ":   0.621726907802014\n",
       "\n"
      ],
      "text/plain": [
       "  pregnant    glucose   pressure    triceps    insulin       mass   pedigree \n",
       " 0.1421840  0.6193695  5.1175100 -0.5309369  7.1331349  3.2449627  5.5285389 \n",
       "       age \n",
       " 0.6217269 "
      ]
     },
     "metadata": {},
     "output_type": "display_data"
    }
   ],
   "source": [
    "#Tinh kurtosis cho tat cac thuoc tinh \n",
    "kur <- apply(PimaIndiansDiabetes[,1:8],2, kurtosis)\n",
    "kur"
   ]
  },
  {
   "cell_type": "code",
   "execution_count": 13,
   "metadata": {},
   "outputs": [
    {
     "data": {
      "text/html": [
       "<table>\n",
       "<thead><tr><th></th><th scope=col>pregnant</th><th scope=col>glucose</th><th scope=col>pressure</th><th scope=col>triceps</th><th scope=col>insulin</th><th scope=col>mass</th><th scope=col>pedigree</th><th scope=col>age</th></tr></thead>\n",
       "<tbody>\n",
       "\t<tr><th scope=row>pregnant</th><td> 1.00000000</td><td>0.12945867 </td><td>0.14128198 </td><td>-0.08167177</td><td>-0.07353461</td><td>0.01768309 </td><td>-0.03352267</td><td> 0.54434123</td></tr>\n",
       "\t<tr><th scope=row>glucose</th><td> 0.12945867</td><td>1.00000000 </td><td>0.15258959 </td><td> 0.05732789</td><td> 0.33135711</td><td>0.22107107 </td><td> 0.13733730</td><td> 0.26351432</td></tr>\n",
       "\t<tr><th scope=row>pressure</th><td> 0.14128198</td><td>0.15258959 </td><td>1.00000000 </td><td> 0.20737054</td><td> 0.08893338</td><td>0.28180529 </td><td> 0.04126495</td><td> 0.23952795</td></tr>\n",
       "\t<tr><th scope=row>triceps</th><td>-0.08167177</td><td>0.05732789 </td><td>0.20737054 </td><td> 1.00000000</td><td> 0.43678257</td><td>0.39257320 </td><td> 0.18392757</td><td>-0.11397026</td></tr>\n",
       "\t<tr><th scope=row>insulin</th><td>-0.07353461</td><td>0.33135711 </td><td>0.08893338 </td><td> 0.43678257</td><td> 1.00000000</td><td>0.19785906 </td><td> 0.18507093</td><td>-0.04216295</td></tr>\n",
       "\t<tr><th scope=row>mass</th><td> 0.01768309</td><td>0.22107107 </td><td>0.28180529 </td><td> 0.39257320</td><td> 0.19785906</td><td>1.00000000 </td><td> 0.14064695</td><td> 0.03624187</td></tr>\n",
       "\t<tr><th scope=row>pedigree</th><td>-0.03352267</td><td>0.13733730 </td><td>0.04126495 </td><td> 0.18392757</td><td> 0.18507093</td><td>0.14064695 </td><td> 1.00000000</td><td> 0.03356131</td></tr>\n",
       "\t<tr><th scope=row>age</th><td> 0.54434123</td><td>0.26351432 </td><td>0.23952795 </td><td>-0.11397026</td><td>-0.04216295</td><td>0.03624187 </td><td> 0.03356131</td><td> 1.00000000</td></tr>\n",
       "</tbody>\n",
       "</table>\n"
      ],
      "text/latex": [
       "\\begin{tabular}{r|llllllll}\n",
       "  & pregnant & glucose & pressure & triceps & insulin & mass & pedigree & age\\\\\n",
       "\\hline\n",
       "\tpregnant &  1.00000000 & 0.12945867  & 0.14128198  & -0.08167177 & -0.07353461 & 0.01768309  & -0.03352267 &  0.54434123\\\\\n",
       "\tglucose &  0.12945867 & 1.00000000  & 0.15258959  &  0.05732789 &  0.33135711 & 0.22107107  &  0.13733730 &  0.26351432\\\\\n",
       "\tpressure &  0.14128198 & 0.15258959  & 1.00000000  &  0.20737054 &  0.08893338 & 0.28180529  &  0.04126495 &  0.23952795\\\\\n",
       "\ttriceps & -0.08167177 & 0.05732789  & 0.20737054  &  1.00000000 &  0.43678257 & 0.39257320  &  0.18392757 & -0.11397026\\\\\n",
       "\tinsulin & -0.07353461 & 0.33135711  & 0.08893338  &  0.43678257 &  1.00000000 & 0.19785906  &  0.18507093 & -0.04216295\\\\\n",
       "\tmass &  0.01768309 & 0.22107107  & 0.28180529  &  0.39257320 &  0.19785906 & 1.00000000  &  0.14064695 &  0.03624187\\\\\n",
       "\tpedigree & -0.03352267 & 0.13733730  & 0.04126495  &  0.18392757 &  0.18507093 & 0.14064695  &  1.00000000 &  0.03356131\\\\\n",
       "\tage &  0.54434123 & 0.26351432  & 0.23952795  & -0.11397026 & -0.04216295 & 0.03624187  &  0.03356131 &  1.00000000\\\\\n",
       "\\end{tabular}\n"
      ],
      "text/markdown": [
       "\n",
       "| <!--/--> | pregnant | glucose | pressure | triceps | insulin | mass | pedigree | age |\n",
       "|---|---|---|---|---|---|---|---|---|\n",
       "| pregnant |  1.00000000 | 0.12945867  | 0.14128198  | -0.08167177 | -0.07353461 | 0.01768309  | -0.03352267 |  0.54434123 |\n",
       "| glucose |  0.12945867 | 1.00000000  | 0.15258959  |  0.05732789 |  0.33135711 | 0.22107107  |  0.13733730 |  0.26351432 |\n",
       "| pressure |  0.14128198 | 0.15258959  | 1.00000000  |  0.20737054 |  0.08893338 | 0.28180529  |  0.04126495 |  0.23952795 |\n",
       "| triceps | -0.08167177 | 0.05732789  | 0.20737054  |  1.00000000 |  0.43678257 | 0.39257320  |  0.18392757 | -0.11397026 |\n",
       "| insulin | -0.07353461 | 0.33135711  | 0.08893338  |  0.43678257 |  1.00000000 | 0.19785906  |  0.18507093 | -0.04216295 |\n",
       "| mass |  0.01768309 | 0.22107107  | 0.28180529  |  0.39257320 |  0.19785906 | 1.00000000  |  0.14064695 |  0.03624187 |\n",
       "| pedigree | -0.03352267 | 0.13733730  | 0.04126495  |  0.18392757 |  0.18507093 | 0.14064695  |  1.00000000 |  0.03356131 |\n",
       "| age |  0.54434123 | 0.26351432  | 0.23952795  | -0.11397026 | -0.04216295 | 0.03624187  |  0.03356131 |  1.00000000 |\n",
       "\n"
      ],
      "text/plain": [
       "         pregnant    glucose    pressure   triceps     insulin     mass      \n",
       "pregnant  1.00000000 0.12945867 0.14128198 -0.08167177 -0.07353461 0.01768309\n",
       "glucose   0.12945867 1.00000000 0.15258959  0.05732789  0.33135711 0.22107107\n",
       "pressure  0.14128198 0.15258959 1.00000000  0.20737054  0.08893338 0.28180529\n",
       "triceps  -0.08167177 0.05732789 0.20737054  1.00000000  0.43678257 0.39257320\n",
       "insulin  -0.07353461 0.33135711 0.08893338  0.43678257  1.00000000 0.19785906\n",
       "mass      0.01768309 0.22107107 0.28180529  0.39257320  0.19785906 1.00000000\n",
       "pedigree -0.03352267 0.13733730 0.04126495  0.18392757  0.18507093 0.14064695\n",
       "age       0.54434123 0.26351432 0.23952795 -0.11397026 -0.04216295 0.03624187\n",
       "         pedigree    age        \n",
       "pregnant -0.03352267  0.54434123\n",
       "glucose   0.13733730  0.26351432\n",
       "pressure  0.04126495  0.23952795\n",
       "triceps   0.18392757 -0.11397026\n",
       "insulin   0.18507093 -0.04216295\n",
       "mass      0.14064695  0.03624187\n",
       "pedigree  1.00000000  0.03356131\n",
       "age       0.03356131  1.00000000"
      ]
     },
     "metadata": {},
     "output_type": "display_data"
    }
   ],
   "source": [
    "#Thuc hien correlation matrix de xem xet moi tuong quan cua cac thuoc tinh. Truc quan hoa du lieu\n",
    "correlation <- cor(PimaIndiansDiabetes[,1:8])\n",
    "correlation"
   ]
  },
  {
   "cell_type": "code",
   "execution_count": 14,
   "metadata": {},
   "outputs": [],
   "source": [
    "#install.packages('corrplot')"
   ]
  },
  {
   "cell_type": "code",
   "execution_count": 15,
   "metadata": {},
   "outputs": [
    {
     "name": "stderr",
     "output_type": "stream",
     "text": [
      "Warning message:\n",
      "\"package 'corrplot' was built under R version 3.6.3\"corrplot 0.84 loaded\n"
     ]
    }
   ],
   "source": [
    "library('corrplot')"
   ]
  },
  {
   "cell_type": "code",
   "execution_count": 16,
   "metadata": {},
   "outputs": [
    {
     "data": {
